# Created by Octave 4.2.1, Mon Apr 23 17:26:36 2018 CEST <jernej@jv2557>
# name: V
# type: matrix
# rows: 5
# columns: 5
 0.2491767071929427 0.812301739101267 0.8229512871159751 0.258785198064264 0.4036445472668449
 0.4940379202766474 0.5676493072101041 0.9589787211559839 0.3285719799376554 0.4990411529258179
 0.2207102282425512 0.5300659722743521 0.6785192432473254 0.8455530538592372 0.3091893942884866
 0.02246397836448582 0.05634032731952991 0.2587890398120644 0.9644397935077804 0.26509353263495
 0.9331970044888551 0.2666040648079187 0.02249411861891464 0.4451055208130398 0.2029277192770201


# name: X
# type: matrix
# rows: 5
# columns: 5
 0 1 2 3 4
 0 1 2 3 4
 0 1 2 3 4
 0 1 2 3 4
 0 1 2 3 4


# name: X1
# type: matrix
# rows: 40
# columns: 40
 0 0.1025641025641026 0.2051282051282051 0.3076923076923077 0.4102564102564102 0.5128205128205128 0.6153846153846154 0.717948717948718 0.8205128205128205 0.923076923076923 1.025641025641026 1.128205128205128 1.230769230769231 1.333333333333333 1.435897435897436 1.538461538461538 1.641025641025641 1.743589743589744 1.846153846153846 1.948717948717949 2.051282051282051 2.153846153846154 2.256410256410256 2.358974358974359 2.461538461538462 2.564102564102564 2.666666666666667 2.769230769230769 2.871794871794872 2.974358974358974 3.076923076923077 3.179487179487179 3.282051282051282 3.384615384615385 3.487179487179487 3.589743589743589 3.692307692307692 3.794871794871795 3.897435897435897 4
 0 0.1025641025641026 0.2051282051282051 0.3076923076923077 0.4102564102564102 0.5128205128205128 0.6153846153846154 0.717948717948718 0.8205128205128205 0.923076923076923 1.025641025641026 1.128205128205128 1.230769230769231 1.333333333333333 1.435897435897436 1.538461538461538 1.641025641025641 1.743589743589744 1.846153846153846 1.948717948717949 2.051282051282051 2.153846153846154 2.256410256410256 2.358974358974359 2.461538461538462 2.564102564102564 2.666666666666667 2.769230769230769 2.871794871794872 2.974358974358974 3.076923076923077 3.179487179487179 3.282051282051282 3.384615384615385 3.487179487179487 3.589743589743589 3.692307692307692 3.794871794871795 3.897435897435897 4
 0 0.1025641025641026 0.2051282051282051 0.3076923076923077 0.4102564102564102 0.5128205128205128 0.6153846153846154 0.717948717948718 0.8205128205128205 0.923076923076923 1.025641025641026 1.128205128205128 1.230769230769231 1.333333333333333 1.435897435897436 1.538461538461538 1.641025641025641 1.743589743589744 1.846153846153846 1.948717948717949 2.051282051282051 2.153846153846154 2.256410256410256 2.358974358974359 2.461538461538462 2.564102564102564 2.666666666666667 2.769230769230769 2.871794871794872 2.974358974358974 3.076923076923077 3.179487179487179 3.282051282051282 3.384615384615385 3.487179487179487 3.589743589743589 3.692307692307692 3.794871794871795 3.897435897435897 4
 0 0.1025641025641026 0.2051282051282051 0.3076923076923077 0.4102564102564102 0.5128205128205128 0.6153846153846154 0.717948717948718 0.8205128205128205 0.923076923076923 1.025641025641026 1.128205128205128 1.230769230769231 1.333333333333333 1.435897435897436 1.538461538461538 1.641025641025641 1.743589743589744 1.846153846153846 1.948717948717949 2.051282051282051 2.153846153846154 2.256410256410256 2.358974358974359 2.461538461538462 2.564102564102564 2.666666666666667 2.769230769230769 2.871794871794872 2.974358974358974 3.076923076923077 3.179487179487179 3.282051282051282 3.384615384615385 3.487179487179487 3.589743589743589 3.692307692307692 3.794871794871795 3.897435897435897 4
 0 0.1025641025641026 0.2051282051282051 0.3076923076923077 0.4102564102564102 0.5128205128205128 0.6153846153846154 0.717948717948718 0.8205128205128205 0.923076923076923 1.025641025641026 1.128205128205128 1.230769230769231 1.333333333333333 1.435897435897436 1.538461538461538 1.641025641025641 1.743589743589744 1.846153846153846 1.948717948717949 2.051282051282051 2.153846153846154 2.256410256410256 2.358974358974359 2.461538461538462 2.564102564102564 2.666666666666667 2.769230769230769 2.871794871794872 2.974358974358974 3.076923076923077 3.179487179487179 3.282051282051282 3.384615384615385 3.487179487179487 3.589743589743589 3.692307692307692 3.794871794871795 3.897435897435897 4
 0 0.1025641025641026 0.2051282051282051 0.3076923076923077 0.4102564102564102 0.5128205128205128 0.6153846153846154 0.717948717948718 0.8205128205128205 0.923076923076923 1.025641025641026 1.128205128205128 1.230769230769231 1.333333333333333 1.435897435897436 1.538461538461538 1.641025641025641 1.743589743589744 1.846153846153846 1.948717948717949 2.051282051282051 2.153846153846154 2.256410256410256 2.358974358974359 2.461538461538462 2.564102564102564 2.666666666666667 2.769230769230769 2.871794871794872 2.974358974358974 3.076923076923077 3.179487179487179 3.282051282051282 3.384615384615385 3.487179487179487 3.589743589743589 3.692307692307692 3.794871794871795 3.897435897435897 4
 0 0.1025641025641026 0.2051282051282051 0.3076923076923077 0.4102564102564102 0.5128205128205128 0.6153846153846154 0.717948717948718 0.8205128205128205 0.923076923076923 1.025641025641026 1.128205128205128 1.230769230769231 1.333333333333333 1.435897435897436 1.538461538461538 1.641025641025641 1.743589743589744 1.846153846153846 1.948717948717949 2.051282051282051 2.153846153846154 2.256410256410256 2.358974358974359 2.461538461538462 2.564102564102564 2.666666666666667 2.769230769230769 2.871794871794872 2.974358974358974 3.076923076923077 3.179487179487179 3.282051282051282 3.384615384615385 3.487179487179487 3.589743589743589 3.692307692307692 3.794871794871795 3.897435897435897 4
 0 0.1025641025641026 0.2051282051282051 0.3076923076923077 0.4102564102564102 0.5128205128205128 0.6153846153846154 0.717948717948718 0.8205128205128205 0.923076923076923 1.025641025641026 1.128205128205128 1.230769230769231 1.333333333333333 1.435897435897436 1.538461538461538 1.641025641025641 1.743589743589744 1.846153846153846 1.948717948717949 2.051282051282051 2.153846153846154 2.256410256410256 2.358974358974359 2.461538461538462 2.564102564102564 2.666666666666667 2.769230769230769 2.871794871794872 2.974358974358974 3.076923076923077 3.179487179487179 3.282051282051282 3.384615384615385 3.487179487179487 3.589743589743589 3.692307692307692 3.794871794871795 3.897435897435897 4
 0 0.1025641025641026 0.2051282051282051 0.3076923076923077 0.4102564102564102 0.5128205128205128 0.6153846153846154 0.717948717948718 0.8205128205128205 0.923076923076923 1.025641025641026 1.128205128205128 1.230769230769231 1.333333333333333 1.435897435897436 1.538461538461538 1.641025641025641 1.743589743589744 1.846153846153846 1.948717948717949 2.051282051282051 2.153846153846154 2.256410256410256 2.358974358974359 2.461538461538462 2.564102564102564 2.666666666666667 2.769230769230769 2.871794871794872 2.974358974358974 3.076923076923077 3.179487179487179 3.282051282051282 3.384615384615385 3.487179487179487 3.589743589743589 3.692307692307692 3.794871794871795 3.897435897435897 4
 0 0.1025641025641026 0.2051282051282051 0.3076923076923077 0.4102564102564102 0.5128205128205128 0.6153846153846154 0.717948717948718 0.8205128205128205 0.923076923076923 1.025641025641026 1.128205128205128 1.230769230769231 1.333333333333333 1.435897435897436 1.538461538461538 1.641025641025641 1.743589743589744 1.846153846153846 1.948717948717949 2.051282051282051 2.153846153846154 2.256410256410256 2.358974358974359 2.461538461538462 2.564102564102564 2.666666666666667 2.769230769230769 2.871794871794872 2.974358974358974 3.076923076923077 3.179487179487179 3.282051282051282 3.384615384615385 3.487179487179487 3.589743589743589 3.692307692307692 3.794871794871795 3.897435897435897 4
 0 0.1025641025641026 0.2051282051282051 0.3076923076923077 0.4102564102564102 0.5128205128205128 0.6153846153846154 0.717948717948718 0.8205128205128205 0.923076923076923 1.025641025641026 1.128205128205128 1.230769230769231 1.333333333333333 1.435897435897436 1.538461538461538 1.641025641025641 1.743589743589744 1.846153846153846 1.948717948717949 2.051282051282051 2.153846153846154 2.256410256410256 2.358974358974359 2.461538461538462 2.564102564102564 2.666666666666667 2.769230769230769 2.871794871794872 2.974358974358974 3.076923076923077 3.179487179487179 3.282051282051282 3.384615384615385 3.487179487179487 3.589743589743589 3.692307692307692 3.794871794871795 3.897435897435897 4
 0 0.1025641025641026 0.2051282051282051 0.3076923076923077 0.4102564102564102 0.5128205128205128 0.6153846153846154 0.717948717948718 0.8205128205128205 0.923076923076923 1.025641025641026 1.128205128205128 1.230769230769231 1.333333333333333 1.435897435897436 1.538461538461538 1.641025641025641 1.743589743589744 1.846153846153846 1.948717948717949 2.051282051282051 2.153846153846154 2.256410256410256 2.358974358974359 2.461538461538462 2.564102564102564 2.666666666666667 2.769230769230769 2.871794871794872 2.974358974358974 3.076923076923077 3.179487179487179 3.282051282051282 3.384615384615385 3.487179487179487 3.589743589743589 3.692307692307692 3.794871794871795 3.897435897435897 4
 0 0.1025641025641026 0.2051282051282051 0.3076923076923077 0.4102564102564102 0.5128205128205128 0.6153846153846154 0.717948717948718 0.8205128205128205 0.923076923076923 1.025641025641026 1.128205128205128 1.230769230769231 1.333333333333333 1.435897435897436 1.538461538461538 1.641025641025641 1.743589743589744 1.846153846153846 1.948717948717949 2.051282051282051 2.153846153846154 2.256410256410256 2.358974358974359 2.461538461538462 2.564102564102564 2.666666666666667 2.769230769230769 2.871794871794872 2.974358974358974 3.076923076923077 3.179487179487179 3.282051282051282 3.384615384615385 3.487179487179487 3.589743589743589 3.692307692307692 3.794871794871795 3.897435897435897 4
 0 0.1025641025641026 0.2051282051282051 0.3076923076923077 0.4102564102564102 0.5128205128205128 0.6153846153846154 0.717948717948718 0.8205128205128205 0.923076923076923 1.025641025641026 1.128205128205128 1.230769230769231 1.333333333333333 1.435897435897436 1.538461538461538 1.641025641025641 1.743589743589744 1.846153846153846 1.948717948717949 2.051282051282051 2.153846153846154 2.256410256410256 2.358974358974359 2.461538461538462 2.564102564102564 2.666666666666667 2.769230769230769 2.871794871794872 2.974358974358974 3.076923076923077 3.179487179487179 3.282051282051282 3.384615384615385 3.487179487179487 3.589743589743589 3.692307692307692 3.794871794871795 3.897435897435897 4
 0 0.1025641025641026 0.2051282051282051 0.3076923076923077 0.4102564102564102 0.5128205128205128 0.6153846153846154 0.717948717948718 0.8205128205128205 0.923076923076923 1.025641025641026 1.128205128205128 1.230769230769231 1.333333333333333 1.435897435897436 1.538461538461538 1.641025641025641 1.743589743589744 1.846153846153846 1.948717948717949 2.051282051282051 2.153846153846154 2.256410256410256 2.358974358974359 2.461538461538462 2.564102564102564 2.666666666666667 2.769230769230769 2.871794871794872 2.974358974358974 3.076923076923077 3.179487179487179 3.282051282051282 3.384615384615385 3.487179487179487 3.589743589743589 3.692307692307692 3.794871794871795 3.897435897435897 4
 0 0.1025641025641026 0.2051282051282051 0.3076923076923077 0.4102564102564102 0.5128205128205128 0.6153846153846154 0.717948717948718 0.8205128205128205 0.923076923076923 1.025641025641026 1.128205128205128 1.230769230769231 1.333333333333333 1.435897435897436 1.538461538461538 1.641025641025641 1.743589743589744 1.846153846153846 1.948717948717949 2.051282051282051 2.153846153846154 2.256410256410256 2.358974358974359 2.461538461538462 2.564102564102564 2.666666666666667 2.769230769230769 2.871794871794872 2.974358974358974 3.076923076923077 3.179487179487179 3.282051282051282 3.384615384615385 3.487179487179487 3.589743589743589 3.692307692307692 3.794871794871795 3.897435897435897 4
 0 0.1025641025641026 0.2051282051282051 0.3076923076923077 0.4102564102564102 0.5128205128205128 0.6153846153846154 0.717948717948718 0.8205128205128205 0.923076923076923 1.025641025641026 1.128205128205128 1.230769230769231 1.333333333333333 1.435897435897436 1.538461538461538 1.641025641025641 1.743589743589744 1.846153846153846 1.948717948717949 2.051282051282051 2.153846153846154 2.256410256410256 2.358974358974359 2.461538461538462 2.564102564102564 2.666666666666667 2.769230769230769 2.871794871794872 2.974358974358974 3.076923076923077 3.179487179487179 3.282051282051282 3.384615384615385 3.487179487179487 3.589743589743589 3.692307692307692 3.794871794871795 3.897435897435897 4
 0 0.1025641025641026 0.2051282051282051 0.3076923076923077 0.4102564102564102 0.5128205128205128 0.6153846153846154 0.717948717948718 0.8205128205128205 0.923076923076923 1.025641025641026 1.128205128205128 1.230769230769231 1.333333333333333 1.435897435897436 1.538461538461538 1.641025641025641 1.743589743589744 1.846153846153846 1.948717948717949 2.051282051282051 2.153846153846154 2.256410256410256 2.358974358974359 2.461538461538462 2.564102564102564 2.666666666666667 2.769230769230769 2.871794871794872 2.974358974358974 3.076923076923077 3.179487179487179 3.282051282051282 3.384615384615385 3.487179487179487 3.589743589743589 3.692307692307692 3.794871794871795 3.897435897435897 4
 0 0.1025641025641026 0.2051282051282051 0.3076923076923077 0.4102564102564102 0.5128205128205128 0.6153846153846154 0.717948717948718 0.8205128205128205 0.923076923076923 1.025641025641026 1.128205128205128 1.230769230769231 1.333333333333333 1.435897435897436 1.538461538461538 1.641025641025641 1.743589743589744 1.846153846153846 1.948717948717949 2.051282051282051 2.153846153846154 2.256410256410256 2.358974358974359 2.461538461538462 2.564102564102564 2.666666666666667 2.769230769230769 2.871794871794872 2.974358974358974 3.076923076923077 3.179487179487179 3.282051282051282 3.384615384615385 3.487179487179487 3.589743589743589 3.692307692307692 3.794871794871795 3.897435897435897 4
 0 0.1025641025641026 0.2051282051282051 0.3076923076923077 0.4102564102564102 0.5128205128205128 0.6153846153846154 0.717948717948718 0.8205128205128205 0.923076923076923 1.025641025641026 1.128205128205128 1.230769230769231 1.333333333333333 1.435897435897436 1.538461538461538 1.641025641025641 1.743589743589744 1.846153846153846 1.948717948717949 2.051282051282051 2.153846153846154 2.256410256410256 2.358974358974359 2.461538461538462 2.564102564102564 2.666666666666667 2.769230769230769 2.871794871794872 2.974358974358974 3.076923076923077 3.179487179487179 3.282051282051282 3.384615384615385 3.487179487179487 3.589743589743589 3.692307692307692 3.794871794871795 3.897435897435897 4
 0 0.1025641025641026 0.2051282051282051 0.3076923076923077 0.4102564102564102 0.5128205128205128 0.6153846153846154 0.717948717948718 0.8205128205128205 0.923076923076923 1.025641025641026 1.128205128205128 1.230769230769231 1.333333333333333 1.435897435897436 1.538461538461538 1.641025641025641 1.743589743589744 1.846153846153846 1.948717948717949 2.051282051282051 2.153846153846154 2.256410256410256 2.358974358974359 2.461538461538462 2.564102564102564 2.666666666666667 2.769230769230769 2.871794871794872 2.974358974358974 3.076923076923077 3.179487179487179 3.282051282051282 3.384615384615385 3.487179487179487 3.589743589743589 3.692307692307692 3.794871794871795 3.897435897435897 4
 0 0.1025641025641026 0.2051282051282051 0.3076923076923077 0.4102564102564102 0.5128205128205128 0.6153846153846154 0.717948717948718 0.8205128205128205 0.923076923076923 1.025641025641026 1.128205128205128 1.230769230769231 1.333333333333333 1.435897435897436 1.538461538461538 1.641025641025641 1.743589743589744 1.846153846153846 1.948717948717949 2.051282051282051 2.153846153846154 2.256410256410256 2.358974358974359 2.461538461538462 2.564102564102564 2.666666666666667 2.769230769230769 2.871794871794872 2.974358974358974 3.076923076923077 3.179487179487179 3.282051282051282 3.384615384615385 3.487179487179487 3.589743589743589 3.692307692307692 3.794871794871795 3.897435897435897 4
 0 0.1025641025641026 0.2051282051282051 0.3076923076923077 0.4102564102564102 0.5128205128205128 0.6153846153846154 0.717948717948718 0.8205128205128205 0.923076923076923 1.025641025641026 1.128205128205128 1.230769230769231 1.333333333333333 1.435897435897436 1.538461538461538 1.641025641025641 1.743589743589744 1.846153846153846 1.948717948717949 2.051282051282051 2.153846153846154 2.256410256410256 2.358974358974359 2.461538461538462 2.564102564102564 2.666666666666667 2.769230769230769 2.871794871794872 2.974358974358974 3.076923076923077 3.179487179487179 3.282051282051282 3.384615384615385 3.487179487179487 3.589743589743589 3.692307692307692 3.794871794871795 3.897435897435897 4
 0 0.1025641025641026 0.2051282051282051 0.3076923076923077 0.4102564102564102 0.5128205128205128 0.6153846153846154 0.717948717948718 0.8205128205128205 0.923076923076923 1.025641025641026 1.128205128205128 1.230769230769231 1.333333333333333 1.435897435897436 1.538461538461538 1.641025641025641 1.743589743589744 1.846153846153846 1.948717948717949 2.051282051282051 2.153846153846154 2.256410256410256 2.358974358974359 2.461538461538462 2.564102564102564 2.666666666666667 2.769230769230769 2.871794871794872 2.974358974358974 3.076923076923077 3.179487179487179 3.282051282051282 3.384615384615385 3.487179487179487 3.589743589743589 3.692307692307692 3.794871794871795 3.897435897435897 4
 0 0.1025641025641026 0.2051282051282051 0.3076923076923077 0.4102564102564102 0.5128205128205128 0.6153846153846154 0.717948717948718 0.8205128205128205 0.923076923076923 1.025641025641026 1.128205128205128 1.230769230769231 1.333333333333333 1.435897435897436 1.538461538461538 1.641025641025641 1.743589743589744 1.846153846153846 1.948717948717949 2.051282051282051 2.153846153846154 2.256410256410256 2.358974358974359 2.461538461538462 2.564102564102564 2.666666666666667 2.769230769230769 2.871794871794872 2.974358974358974 3.076923076923077 3.179487179487179 3.282051282051282 3.384615384615385 3.487179487179487 3.589743589743589 3.692307692307692 3.794871794871795 3.897435897435897 4
 0 0.1025641025641026 0.2051282051282051 0.3076923076923077 0.4102564102564102 0.5128205128205128 0.6153846153846154 0.717948717948718 0.8205128205128205 0.923076923076923 1.025641025641026 1.128205128205128 1.230769230769231 1.333333333333333 1.435897435897436 1.538461538461538 1.641025641025641 1.743589743589744 1.846153846153846 1.948717948717949 2.051282051282051 2.153846153846154 2.256410256410256 2.358974358974359 2.461538461538462 2.564102564102564 2.666666666666667 2.769230769230769 2.871794871794872 2.974358974358974 3.076923076923077 3.179487179487179 3.282051282051282 3.384615384615385 3.487179487179487 3.589743589743589 3.692307692307692 3.794871794871795 3.897435897435897 4
 0 0.1025641025641026 0.2051282051282051 0.3076923076923077 0.4102564102564102 0.5128205128205128 0.6153846153846154 0.717948717948718 0.8205128205128205 0.923076923076923 1.025641025641026 1.128205128205128 1.230769230769231 1.333333333333333 1.435897435897436 1.538461538461538 1.641025641025641 1.743589743589744 1.846153846153846 1.948717948717949 2.051282051282051 2.153846153846154 2.256410256410256 2.358974358974359 2.461538461538462 2.564102564102564 2.666666666666667 2.769230769230769 2.871794871794872 2.974358974358974 3.076923076923077 3.179487179487179 3.282051282051282 3.384615384615385 3.487179487179487 3.589743589743589 3.692307692307692 3.794871794871795 3.897435897435897 4
 0 0.1025641025641026 0.2051282051282051 0.3076923076923077 0.4102564102564102 0.5128205128205128 0.6153846153846154 0.717948717948718 0.8205128205128205 0.923076923076923 1.025641025641026 1.128205128205128 1.230769230769231 1.333333333333333 1.435897435897436 1.538461538461538 1.641025641025641 1.743589743589744 1.846153846153846 1.948717948717949 2.051282051282051 2.153846153846154 2.256410256410256 2.358974358974359 2.461538461538462 2.564102564102564 2.666666666666667 2.769230769230769 2.871794871794872 2.974358974358974 3.076923076923077 3.179487179487179 3.282051282051282 3.384615384615385 3.487179487179487 3.589743589743589 3.692307692307692 3.794871794871795 3.897435897435897 4
 0 0.1025641025641026 0.2051282051282051 0.3076923076923077 0.4102564102564102 0.5128205128205128 0.6153846153846154 0.717948717948718 0.8205128205128205 0.923076923076923 1.025641025641026 1.128205128205128 1.230769230769231 1.333333333333333 1.435897435897436 1.538461538461538 1.641025641025641 1.743589743589744 1.846153846153846 1.948717948717949 2.051282051282051 2.153846153846154 2.256410256410256 2.358974358974359 2.461538461538462 2.564102564102564 2.666666666666667 2.769230769230769 2.871794871794872 2.974358974358974 3.076923076923077 3.179487179487179 3.282051282051282 3.384615384615385 3.487179487179487 3.589743589743589 3.692307692307692 3.794871794871795 3.897435897435897 4
 0 0.1025641025641026 0.2051282051282051 0.3076923076923077 0.4102564102564102 0.5128205128205128 0.6153846153846154 0.717948717948718 0.8205128205128205 0.923076923076923 1.025641025641026 1.128205128205128 1.230769230769231 1.333333333333333 1.435897435897436 1.538461538461538 1.641025641025641 1.743589743589744 1.846153846153846 1.948717948717949 2.051282051282051 2.153846153846154 2.256410256410256 2.358974358974359 2.461538461538462 2.564102564102564 2.666666666666667 2.769230769230769 2.871794871794872 2.974358974358974 3.076923076923077 3.179487179487179 3.282051282051282 3.384615384615385 3.487179487179487 3.589743589743589 3.692307692307692 3.794871794871795 3.897435897435897 4
 0 0.1025641025641026 0.2051282051282051 0.3076923076923077 0.4102564102564102 0.5128205128205128 0.6153846153846154 0.717948717948718 0.8205128205128205 0.923076923076923 1.025641025641026 1.128205128205128 1.230769230769231 1.333333333333333 1.435897435897436 1.538461538461538 1.641025641025641 1.743589743589744 1.846153846153846 1.948717948717949 2.051282051282051 2.153846153846154 2.256410256410256 2.358974358974359 2.461538461538462 2.564102564102564 2.666666666666667 2.769230769230769 2.871794871794872 2.974358974358974 3.076923076923077 3.179487179487179 3.282051282051282 3.384615384615385 3.487179487179487 3.589743589743589 3.692307692307692 3.794871794871795 3.897435897435897 4
 0 0.1025641025641026 0.2051282051282051 0.3076923076923077 0.4102564102564102 0.5128205128205128 0.6153846153846154 0.717948717948718 0.8205128205128205 0.923076923076923 1.025641025641026 1.128205128205128 1.230769230769231 1.333333333333333 1.435897435897436 1.538461538461538 1.641025641025641 1.743589743589744 1.846153846153846 1.948717948717949 2.051282051282051 2.153846153846154 2.256410256410256 2.358974358974359 2.461538461538462 2.564102564102564 2.666666666666667 2.769230769230769 2.871794871794872 2.974358974358974 3.076923076923077 3.179487179487179 3.282051282051282 3.384615384615385 3.487179487179487 3.589743589743589 3.692307692307692 3.794871794871795 3.897435897435897 4
 0 0.1025641025641026 0.2051282051282051 0.3076923076923077 0.4102564102564102 0.5128205128205128 0.6153846153846154 0.717948717948718 0.8205128205128205 0.923076923076923 1.025641025641026 1.128205128205128 1.230769230769231 1.333333333333333 1.435897435897436 1.538461538461538 1.641025641025641 1.743589743589744 1.846153846153846 1.948717948717949 2.051282051282051 2.153846153846154 2.256410256410256 2.358974358974359 2.461538461538462 2.564102564102564 2.666666666666667 2.769230769230769 2.871794871794872 2.974358974358974 3.076923076923077 3.179487179487179 3.282051282051282 3.384615384615385 3.487179487179487 3.589743589743589 3.692307692307692 3.794871794871795 3.897435897435897 4
 0 0.1025641025641026 0.2051282051282051 0.3076923076923077 0.4102564102564102 0.5128205128205128 0.6153846153846154 0.717948717948718 0.8205128205128205 0.923076923076923 1.025641025641026 1.128205128205128 1.230769230769231 1.333333333333333 1.435897435897436 1.538461538461538 1.641025641025641 1.743589743589744 1.846153846153846 1.948717948717949 2.051282051282051 2.153846153846154 2.256410256410256 2.358974358974359 2.461538461538462 2.564102564102564 2.666666666666667 2.769230769230769 2.871794871794872 2.974358974358974 3.076923076923077 3.179487179487179 3.282051282051282 3.384615384615385 3.487179487179487 3.589743589743589 3.692307692307692 3.794871794871795 3.897435897435897 4
 0 0.1025641025641026 0.2051282051282051 0.3076923076923077 0.4102564102564102 0.5128205128205128 0.6153846153846154 0.717948717948718 0.8205128205128205 0.923076923076923 1.025641025641026 1.128205128205128 1.230769230769231 1.333333333333333 1.435897435897436 1.538461538461538 1.641025641025641 1.743589743589744 1.846153846153846 1.948717948717949 2.051282051282051 2.153846153846154 2.256410256410256 2.358974358974359 2.461538461538462 2.564102564102564 2.666666666666667 2.769230769230769 2.871794871794872 2.974358974358974 3.076923076923077 3.179487179487179 3.282051282051282 3.384615384615385 3.487179487179487 3.589743589743589 3.692307692307692 3.794871794871795 3.897435897435897 4
 0 0.1025641025641026 0.2051282051282051 0.3076923076923077 0.4102564102564102 0.5128205128205128 0.6153846153846154 0.717948717948718 0.8205128205128205 0.923076923076923 1.025641025641026 1.128205128205128 1.230769230769231 1.333333333333333 1.435897435897436 1.538461538461538 1.641025641025641 1.743589743589744 1.846153846153846 1.948717948717949 2.051282051282051 2.153846153846154 2.256410256410256 2.358974358974359 2.461538461538462 2.564102564102564 2.666666666666667 2.769230769230769 2.871794871794872 2.974358974358974 3.076923076923077 3.179487179487179 3.282051282051282 3.384615384615385 3.487179487179487 3.589743589743589 3.692307692307692 3.794871794871795 3.897435897435897 4
 0 0.1025641025641026 0.2051282051282051 0.3076923076923077 0.4102564102564102 0.5128205128205128 0.6153846153846154 0.717948717948718 0.8205128205128205 0.923076923076923 1.025641025641026 1.128205128205128 1.230769230769231 1.333333333333333 1.435897435897436 1.538461538461538 1.641025641025641 1.743589743589744 1.846153846153846 1.948717948717949 2.051282051282051 2.153846153846154 2.256410256410256 2.358974358974359 2.461538461538462 2.564102564102564 2.666666666666667 2.769230769230769 2.871794871794872 2.974358974358974 3.076923076923077 3.179487179487179 3.282051282051282 3.384615384615385 3.487179487179487 3.589743589743589 3.692307692307692 3.794871794871795 3.897435897435897 4
 0 0.1025641025641026 0.2051282051282051 0.3076923076923077 0.4102564102564102 0.5128205128205128 0.6153846153846154 0.717948717948718 0.8205128205128205 0.923076923076923 1.025641025641026 1.128205128205128 1.230769230769231 1.333333333333333 1.435897435897436 1.538461538461538 1.641025641025641 1.743589743589744 1.846153846153846 1.948717948717949 2.051282051282051 2.153846153846154 2.256410256410256 2.358974358974359 2.461538461538462 2.564102564102564 2.666666666666667 2.769230769230769 2.871794871794872 2.974358974358974 3.076923076923077 3.179487179487179 3.282051282051282 3.384615384615385 3.487179487179487 3.589743589743589 3.692307692307692 3.794871794871795 3.897435897435897 4
 0 0.1025641025641026 0.2051282051282051 0.3076923076923077 0.4102564102564102 0.5128205128205128 0.6153846153846154 0.717948717948718 0.8205128205128205 0.923076923076923 1.025641025641026 1.128205128205128 1.230769230769231 1.333333333333333 1.435897435897436 1.538461538461538 1.641025641025641 1.743589743589744 1.846153846153846 1.948717948717949 2.051282051282051 2.153846153846154 2.256410256410256 2.358974358974359 2.461538461538462 2.564102564102564 2.666666666666667 2.769230769230769 2.871794871794872 2.974358974358974 3.076923076923077 3.179487179487179 3.282051282051282 3.384615384615385 3.487179487179487 3.589743589743589 3.692307692307692 3.794871794871795 3.897435897435897 4
 0 0.1025641025641026 0.2051282051282051 0.3076923076923077 0.4102564102564102 0.5128205128205128 0.6153846153846154 0.717948717948718 0.8205128205128205 0.923076923076923 1.025641025641026 1.128205128205128 1.230769230769231 1.333333333333333 1.435897435897436 1.538461538461538 1.641025641025641 1.743589743589744 1.846153846153846 1.948717948717949 2.051282051282051 2.153846153846154 2.256410256410256 2.358974358974359 2.461538461538462 2.564102564102564 2.666666666666667 2.769230769230769 2.871794871794872 2.974358974358974 3.076923076923077 3.179487179487179 3.282051282051282 3.384615384615385 3.487179487179487 3.589743589743589 3.692307692307692 3.794871794871795 3.897435897435897 4


# name: Y
# type: matrix
# rows: 5
# columns: 5
 0 0 0 0 0
 1 1 1 1 1
 2 2 2 2 2
 3 3 3 3 3
 4 4 4 4 4


# name: Y1
# type: matrix
# rows: 40
# columns: 40
 0 0 0 0 0 0 0 0 0 0 0 0 0 0 0 0 0 0 0 0 0 0 0 0 0 0 0 0 0 0 0 0 0 0 0 0 0 0 0 0
 0.1025641025641026 0.1025641025641026 0.1025641025641026 0.1025641025641026 0.1025641025641026 0.1025641025641026 0.1025641025641026 0.1025641025641026 0.1025641025641026 0.1025641025641026 0.1025641025641026 0.1025641025641026 0.1025641025641026 0.1025641025641026 0.1025641025641026 0.1025641025641026 0.1025641025641026 0.1025641025641026 0.1025641025641026 0.1025641025641026 0.1025641025641026 0.1025641025641026 0.1025641025641026 0.1025641025641026 0.1025641025641026 0.1025641025641026 0.1025641025641026 0.1025641025641026 0.1025641025641026 0.1025641025641026 0.1025641025641026 0.1025641025641026 0.1025641025641026 0.1025641025641026 0.1025641025641026 0.1025641025641026 0.1025641025641026 0.1025641025641026 0.1025641025641026 0.1025641025641026
 0.2051282051282051 0.2051282051282051 0.2051282051282051 0.2051282051282051 0.2051282051282051 0.2051282051282051 0.2051282051282051 0.2051282051282051 0.2051282051282051 0.2051282051282051 0.2051282051282051 0.2051282051282051 0.2051282051282051 0.2051282051282051 0.2051282051282051 0.2051282051282051 0.2051282051282051 0.2051282051282051 0.2051282051282051 0.2051282051282051 0.2051282051282051 0.2051282051282051 0.2051282051282051 0.2051282051282051 0.2051282051282051 0.2051282051282051 0.2051282051282051 0.2051282051282051 0.2051282051282051 0.2051282051282051 0.2051282051282051 0.2051282051282051 0.2051282051282051 0.2051282051282051 0.2051282051282051 0.2051282051282051 0.2051282051282051 0.2051282051282051 0.2051282051282051 0.2051282051282051
 0.3076923076923077 0.3076923076923077 0.3076923076923077 0.3076923076923077 0.3076923076923077 0.3076923076923077 0.3076923076923077 0.3076923076923077 0.3076923076923077 0.3076923076923077 0.3076923076923077 0.3076923076923077 0.3076923076923077 0.3076923076923077 0.3076923076923077 0.3076923076923077 0.3076923076923077 0.3076923076923077 0.3076923076923077 0.3076923076923077 0.3076923076923077 0.3076923076923077 0.3076923076923077 0.3076923076923077 0.3076923076923077 0.3076923076923077 0.3076923076923077 0.3076923076923077 0.3076923076923077 0.3076923076923077 0.3076923076923077 0.3076923076923077 0.3076923076923077 0.3076923076923077 0.3076923076923077 0.3076923076923077 0.3076923076923077 0.3076923076923077 0.3076923076923077 0.3076923076923077
 0.4102564102564102 0.4102564102564102 0.4102564102564102 0.4102564102564102 0.4102564102564102 0.4102564102564102 0.4102564102564102 0.4102564102564102 0.4102564102564102 0.4102564102564102 0.4102564102564102 0.4102564102564102 0.4102564102564102 0.4102564102564102 0.4102564102564102 0.4102564102564102 0.4102564102564102 0.4102564102564102 0.4102564102564102 0.4102564102564102 0.4102564102564102 0.4102564102564102 0.4102564102564102 0.4102564102564102 0.4102564102564102 0.4102564102564102 0.4102564102564102 0.4102564102564102 0.4102564102564102 0.4102564102564102 0.4102564102564102 0.4102564102564102 0.4102564102564102 0.4102564102564102 0.4102564102564102 0.4102564102564102 0.4102564102564102 0.4102564102564102 0.4102564102564102 0.4102564102564102
 0.5128205128205128 0.5128205128205128 0.5128205128205128 0.5128205128205128 0.5128205128205128 0.5128205128205128 0.5128205128205128 0.5128205128205128 0.5128205128205128 0.5128205128205128 0.5128205128205128 0.5128205128205128 0.5128205128205128 0.5128205128205128 0.5128205128205128 0.5128205128205128 0.5128205128205128 0.5128205128205128 0.5128205128205128 0.5128205128205128 0.5128205128205128 0.5128205128205128 0.5128205128205128 0.5128205128205128 0.5128205128205128 0.5128205128205128 0.5128205128205128 0.5128205128205128 0.5128205128205128 0.5128205128205128 0.5128205128205128 0.5128205128205128 0.5128205128205128 0.5128205128205128 0.5128205128205128 0.5128205128205128 0.5128205128205128 0.5128205128205128 0.5128205128205128 0.5128205128205128
 0.6153846153846154 0.6153846153846154 0.6153846153846154 0.6153846153846154 0.6153846153846154 0.6153846153846154 0.6153846153846154 0.6153846153846154 0.6153846153846154 0.6153846153846154 0.6153846153846154 0.6153846153846154 0.6153846153846154 0.6153846153846154 0.6153846153846154 0.6153846153846154 0.6153846153846154 0.6153846153846154 0.6153846153846154 0.6153846153846154 0.6153846153846154 0.6153846153846154 0.6153846153846154 0.6153846153846154 0.6153846153846154 0.6153846153846154 0.6153846153846154 0.6153846153846154 0.6153846153846154 0.6153846153846154 0.6153846153846154 0.6153846153846154 0.6153846153846154 0.6153846153846154 0.6153846153846154 0.6153846153846154 0.6153846153846154 0.6153846153846154 0.6153846153846154 0.6153846153846154
 0.717948717948718 0.717948717948718 0.717948717948718 0.717948717948718 0.717948717948718 0.717948717948718 0.717948717948718 0.717948717948718 0.717948717948718 0.717948717948718 0.717948717948718 0.717948717948718 0.717948717948718 0.717948717948718 0.717948717948718 0.717948717948718 0.717948717948718 0.717948717948718 0.717948717948718 0.717948717948718 0.717948717948718 0.717948717948718 0.717948717948718 0.717948717948718 0.717948717948718 0.717948717948718 0.717948717948718 0.717948717948718 0.717948717948718 0.717948717948718 0.717948717948718 0.717948717948718 0.717948717948718 0.717948717948718 0.717948717948718 0.717948717948718 0.717948717948718 0.717948717948718 0.717948717948718 0.717948717948718
 0.8205128205128205 0.8205128205128205 0.8205128205128205 0.8205128205128205 0.8205128205128205 0.8205128205128205 0.8205128205128205 0.8205128205128205 0.8205128205128205 0.8205128205128205 0.8205128205128205 0.8205128205128205 0.8205128205128205 0.8205128205128205 0.8205128205128205 0.8205128205128205 0.8205128205128205 0.8205128205128205 0.8205128205128205 0.8205128205128205 0.8205128205128205 0.8205128205128205 0.8205128205128205 0.8205128205128205 0.8205128205128205 0.8205128205128205 0.8205128205128205 0.8205128205128205 0.8205128205128205 0.8205128205128205 0.8205128205128205 0.8205128205128205 0.8205128205128205 0.8205128205128205 0.8205128205128205 0.8205128205128205 0.8205128205128205 0.8205128205128205 0.8205128205128205 0.8205128205128205
 0.923076923076923 0.923076923076923 0.923076923076923 0.923076923076923 0.923076923076923 0.923076923076923 0.923076923076923 0.923076923076923 0.923076923076923 0.923076923076923 0.923076923076923 0.923076923076923 0.923076923076923 0.923076923076923 0.923076923076923 0.923076923076923 0.923076923076923 0.923076923076923 0.923076923076923 0.923076923076923 0.923076923076923 0.923076923076923 0.923076923076923 0.923076923076923 0.923076923076923 0.923076923076923 0.923076923076923 0.923076923076923 0.923076923076923 0.923076923076923 0.923076923076923 0.923076923076923 0.923076923076923 0.923076923076923 0.923076923076923 0.923076923076923 0.923076923076923 0.923076923076923 0.923076923076923 0.923076923076923
 1.025641025641026 1.025641025641026 1.025641025641026 1.025641025641026 1.025641025641026 1.025641025641026 1.025641025641026 1.025641025641026 1.025641025641026 1.025641025641026 1.025641025641026 1.025641025641026 1.025641025641026 1.025641025641026 1.025641025641026 1.025641025641026 1.025641025641026 1.025641025641026 1.025641025641026 1.025641025641026 1.025641025641026 1.025641025641026 1.025641025641026 1.025641025641026 1.025641025641026 1.025641025641026 1.025641025641026 1.025641025641026 1.025641025641026 1.025641025641026 1.025641025641026 1.025641025641026 1.025641025641026 1.025641025641026 1.025641025641026 1.025641025641026 1.025641025641026 1.025641025641026 1.025641025641026 1.025641025641026
 1.128205128205128 1.128205128205128 1.128205128205128 1.128205128205128 1.128205128205128 1.128205128205128 1.128205128205128 1.128205128205128 1.128205128205128 1.128205128205128 1.128205128205128 1.128205128205128 1.128205128205128 1.128205128205128 1.128205128205128 1.128205128205128 1.128205128205128 1.128205128205128 1.128205128205128 1.128205128205128 1.128205128205128 1.128205128205128 1.128205128205128 1.128205128205128 1.128205128205128 1.128205128205128 1.128205128205128 1.128205128205128 1.128205128205128 1.128205128205128 1.128205128205128 1.128205128205128 1.128205128205128 1.128205128205128 1.128205128205128 1.128205128205128 1.128205128205128 1.128205128205128 1.128205128205128 1.128205128205128
 1.230769230769231 1.230769230769231 1.230769230769231 1.230769230769231 1.230769230769231 1.230769230769231 1.230769230769231 1.230769230769231 1.230769230769231 1.230769230769231 1.230769230769231 1.230769230769231 1.230769230769231 1.230769230769231 1.230769230769231 1.230769230769231 1.230769230769231 1.230769230769231 1.230769230769231 1.230769230769231 1.230769230769231 1.230769230769231 1.230769230769231 1.230769230769231 1.230769230769231 1.230769230769231 1.230769230769231 1.230769230769231 1.230769230769231 1.230769230769231 1.230769230769231 1.230769230769231 1.230769230769231 1.230769230769231 1.230769230769231 1.230769230769231 1.230769230769231 1.230769230769231 1.230769230769231 1.230769230769231
 1.333333333333333 1.333333333333333 1.333333333333333 1.333333333333333 1.333333333333333 1.333333333333333 1.333333333333333 1.333333333333333 1.333333333333333 1.333333333333333 1.333333333333333 1.333333333333333 1.333333333333333 1.333333333333333 1.333333333333333 1.333333333333333 1.333333333333333 1.333333333333333 1.333333333333333 1.333333333333333 1.333333333333333 1.333333333333333 1.333333333333333 1.333333333333333 1.333333333333333 1.333333333333333 1.333333333333333 1.333333333333333 1.333333333333333 1.333333333333333 1.333333333333333 1.333333333333333 1.333333333333333 1.333333333333333 1.333333333333333 1.333333333333333 1.333333333333333 1.333333333333333 1.333333333333333 1.333333333333333
 1.435897435897436 1.435897435897436 1.435897435897436 1.435897435897436 1.435897435897436 1.435897435897436 1.435897435897436 1.435897435897436 1.435897435897436 1.435897435897436 1.435897435897436 1.435897435897436 1.435897435897436 1.435897435897436 1.435897435897436 1.435897435897436 1.435897435897436 1.435897435897436 1.435897435897436 1.435897435897436 1.435897435897436 1.435897435897436 1.435897435897436 1.435897435897436 1.435897435897436 1.435897435897436 1.435897435897436 1.435897435897436 1.435897435897436 1.435897435897436 1.435897435897436 1.435897435897436 1.435897435897436 1.435897435897436 1.435897435897436 1.435897435897436 1.435897435897436 1.435897435897436 1.435897435897436 1.435897435897436
 1.538461538461538 1.538461538461538 1.538461538461538 1.538461538461538 1.538461538461538 1.538461538461538 1.538461538461538 1.538461538461538 1.538461538461538 1.538461538461538 1.538461538461538 1.538461538461538 1.538461538461538 1.538461538461538 1.538461538461538 1.538461538461538 1.538461538461538 1.538461538461538 1.538461538461538 1.538461538461538 1.538461538461538 1.538461538461538 1.538461538461538 1.538461538461538 1.538461538461538 1.538461538461538 1.538461538461538 1.538461538461538 1.538461538461538 1.538461538461538 1.538461538461538 1.538461538461538 1.538461538461538 1.538461538461538 1.538461538461538 1.538461538461538 1.538461538461538 1.538461538461538 1.538461538461538 1.538461538461538
 1.641025641025641 1.641025641025641 1.641025641025641 1.641025641025641 1.641025641025641 1.641025641025641 1.641025641025641 1.641025641025641 1.641025641025641 1.641025641025641 1.641025641025641 1.641025641025641 1.641025641025641 1.641025641025641 1.641025641025641 1.641025641025641 1.641025641025641 1.641025641025641 1.641025641025641 1.641025641025641 1.641025641025641 1.641025641025641 1.641025641025641 1.641025641025641 1.641025641025641 1.641025641025641 1.641025641025641 1.641025641025641 1.641025641025641 1.641025641025641 1.641025641025641 1.641025641025641 1.641025641025641 1.641025641025641 1.641025641025641 1.641025641025641 1.641025641025641 1.641025641025641 1.641025641025641 1.641025641025641
 1.743589743589744 1.743589743589744 1.743589743589744 1.743589743589744 1.743589743589744 1.743589743589744 1.743589743589744 1.743589743589744 1.743589743589744 1.743589743589744 1.743589743589744 1.743589743589744 1.743589743589744 1.743589743589744 1.743589743589744 1.743589743589744 1.743589743589744 1.743589743589744 1.743589743589744 1.743589743589744 1.743589743589744 1.743589743589744 1.743589743589744 1.743589743589744 1.743589743589744 1.743589743589744 1.743589743589744 1.743589743589744 1.743589743589744 1.743589743589744 1.743589743589744 1.743589743589744 1.743589743589744 1.743589743589744 1.743589743589744 1.743589743589744 1.743589743589744 1.743589743589744 1.743589743589744 1.743589743589744
 1.846153846153846 1.846153846153846 1.846153846153846 1.846153846153846 1.846153846153846 1.846153846153846 1.846153846153846 1.846153846153846 1.846153846153846 1.846153846153846 1.846153846153846 1.846153846153846 1.846153846153846 1.846153846153846 1.846153846153846 1.846153846153846 1.846153846153846 1.846153846153846 1.846153846153846 1.846153846153846 1.846153846153846 1.846153846153846 1.846153846153846 1.846153846153846 1.846153846153846 1.846153846153846 1.846153846153846 1.846153846153846 1.846153846153846 1.846153846153846 1.846153846153846 1.846153846153846 1.846153846153846 1.846153846153846 1.846153846153846 1.846153846153846 1.846153846153846 1.846153846153846 1.846153846153846 1.846153846153846
 1.948717948717949 1.948717948717949 1.948717948717949 1.948717948717949 1.948717948717949 1.948717948717949 1.948717948717949 1.948717948717949 1.948717948717949 1.948717948717949 1.948717948717949 1.948717948717949 1.948717948717949 1.948717948717949 1.948717948717949 1.948717948717949 1.948717948717949 1.948717948717949 1.948717948717949 1.948717948717949 1.948717948717949 1.948717948717949 1.948717948717949 1.948717948717949 1.948717948717949 1.948717948717949 1.948717948717949 1.948717948717949 1.948717948717949 1.948717948717949 1.948717948717949 1.948717948717949 1.948717948717949 1.948717948717949 1.948717948717949 1.948717948717949 1.948717948717949 1.948717948717949 1.948717948717949 1.948717948717949
 2.051282051282051 2.051282051282051 2.051282051282051 2.051282051282051 2.051282051282051 2.051282051282051 2.051282051282051 2.051282051282051 2.051282051282051 2.051282051282051 2.051282051282051 2.051282051282051 2.051282051282051 2.051282051282051 2.051282051282051 2.051282051282051 2.051282051282051 2.051282051282051 2.051282051282051 2.051282051282051 2.051282051282051 2.051282051282051 2.051282051282051 2.051282051282051 2.051282051282051 2.051282051282051 2.051282051282051 2.051282051282051 2.051282051282051 2.051282051282051 2.051282051282051 2.051282051282051 2.051282051282051 2.051282051282051 2.051282051282051 2.051282051282051 2.051282051282051 2.051282051282051 2.051282051282051 2.051282051282051
 2.153846153846154 2.153846153846154 2.153846153846154 2.153846153846154 2.153846153846154 2.153846153846154 2.153846153846154 2.153846153846154 2.153846153846154 2.153846153846154 2.153846153846154 2.153846153846154 2.153846153846154 2.153846153846154 2.153846153846154 2.153846153846154 2.153846153846154 2.153846153846154 2.153846153846154 2.153846153846154 2.153846153846154 2.153846153846154 2.153846153846154 2.153846153846154 2.153846153846154 2.153846153846154 2.153846153846154 2.153846153846154 2.153846153846154 2.153846153846154 2.153846153846154 2.153846153846154 2.153846153846154 2.153846153846154 2.153846153846154 2.153846153846154 2.153846153846154 2.153846153846154 2.153846153846154 2.153846153846154
 2.256410256410256 2.256410256410256 2.256410256410256 2.256410256410256 2.256410256410256 2.256410256410256 2.256410256410256 2.256410256410256 2.256410256410256 2.256410256410256 2.256410256410256 2.256410256410256 2.256410256410256 2.256410256410256 2.256410256410256 2.256410256410256 2.256410256410256 2.256410256410256 2.256410256410256 2.256410256410256 2.256410256410256 2.256410256410256 2.256410256410256 2.256410256410256 2.256410256410256 2.256410256410256 2.256410256410256 2.256410256410256 2.256410256410256 2.256410256410256 2.256410256410256 2.256410256410256 2.256410256410256 2.256410256410256 2.256410256410256 2.256410256410256 2.256410256410256 2.256410256410256 2.256410256410256 2.256410256410256
 2.358974358974359 2.358974358974359 2.358974358974359 2.358974358974359 2.358974358974359 2.358974358974359 2.358974358974359 2.358974358974359 2.358974358974359 2.358974358974359 2.358974358974359 2.358974358974359 2.358974358974359 2.358974358974359 2.358974358974359 2.358974358974359 2.358974358974359 2.358974358974359 2.358974358974359 2.358974358974359 2.358974358974359 2.358974358974359 2.358974358974359 2.358974358974359 2.358974358974359 2.358974358974359 2.358974358974359 2.358974358974359 2.358974358974359 2.358974358974359 2.358974358974359 2.358974358974359 2.358974358974359 2.358974358974359 2.358974358974359 2.358974358974359 2.358974358974359 2.358974358974359 2.358974358974359 2.358974358974359
 2.461538461538462 2.461538461538462 2.461538461538462 2.461538461538462 2.461538461538462 2.461538461538462 2.461538461538462 2.461538461538462 2.461538461538462 2.461538461538462 2.461538461538462 2.461538461538462 2.461538461538462 2.461538461538462 2.461538461538462 2.461538461538462 2.461538461538462 2.461538461538462 2.461538461538462 2.461538461538462 2.461538461538462 2.461538461538462 2.461538461538462 2.461538461538462 2.461538461538462 2.461538461538462 2.461538461538462 2.461538461538462 2.461538461538462 2.461538461538462 2.461538461538462 2.461538461538462 2.461538461538462 2.461538461538462 2.461538461538462 2.461538461538462 2.461538461538462 2.461538461538462 2.461538461538462 2.461538461538462
 2.564102564102564 2.564102564102564 2.564102564102564 2.564102564102564 2.564102564102564 2.564102564102564 2.564102564102564 2.564102564102564 2.564102564102564 2.564102564102564 2.564102564102564 2.564102564102564 2.564102564102564 2.564102564102564 2.564102564102564 2.564102564102564 2.564102564102564 2.564102564102564 2.564102564102564 2.564102564102564 2.564102564102564 2.564102564102564 2.564102564102564 2.564102564102564 2.564102564102564 2.564102564102564 2.564102564102564 2.564102564102564 2.564102564102564 2.564102564102564 2.564102564102564 2.564102564102564 2.564102564102564 2.564102564102564 2.564102564102564 2.564102564102564 2.564102564102564 2.564102564102564 2.564102564102564 2.564102564102564
 2.666666666666667 2.666666666666667 2.666666666666667 2.666666666666667 2.666666666666667 2.666666666666667 2.666666666666667 2.666666666666667 2.666666666666667 2.666666666666667 2.666666666666667 2.666666666666667 2.666666666666667 2.666666666666667 2.666666666666667 2.666666666666667 2.666666666666667 2.666666666666667 2.666666666666667 2.666666666666667 2.666666666666667 2.666666666666667 2.666666666666667 2.666666666666667 2.666666666666667 2.666666666666667 2.666666666666667 2.666666666666667 2.666666666666667 2.666666666666667 2.666666666666667 2.666666666666667 2.666666666666667 2.666666666666667 2.666666666666667 2.666666666666667 2.666666666666667 2.666666666666667 2.666666666666667 2.666666666666667
 2.769230769230769 2.769230769230769 2.769230769230769 2.769230769230769 2.769230769230769 2.769230769230769 2.769230769230769 2.769230769230769 2.769230769230769 2.769230769230769 2.769230769230769 2.769230769230769 2.769230769230769 2.769230769230769 2.769230769230769 2.769230769230769 2.769230769230769 2.769230769230769 2.769230769230769 2.769230769230769 2.769230769230769 2.769230769230769 2.769230769230769 2.769230769230769 2.769230769230769 2.769230769230769 2.769230769230769 2.769230769230769 2.769230769230769 2.769230769230769 2.769230769230769 2.769230769230769 2.769230769230769 2.769230769230769 2.769230769230769 2.769230769230769 2.769230769230769 2.769230769230769 2.769230769230769 2.769230769230769
 2.871794871794872 2.871794871794872 2.871794871794872 2.871794871794872 2.871794871794872 2.871794871794872 2.871794871794872 2.871794871794872 2.871794871794872 2.871794871794872 2.871794871794872 2.871794871794872 2.871794871794872 2.871794871794872 2.871794871794872 2.871794871794872 2.871794871794872 2.871794871794872 2.871794871794872 2.871794871794872 2.871794871794872 2.871794871794872 2.871794871794872 2.871794871794872 2.871794871794872 2.871794871794872 2.871794871794872 2.871794871794872 2.871794871794872 2.871794871794872 2.871794871794872 2.871794871794872 2.871794871794872 2.871794871794872 2.871794871794872 2.871794871794872 2.871794871794872 2.871794871794872 2.871794871794872 2.871794871794872
 2.974358974358974 2.974358974358974 2.974358974358974 2.974358974358974 2.974358974358974 2.974358974358974 2.974358974358974 2.974358974358974 2.974358974358974 2.974358974358974 2.974358974358974 2.974358974358974 2.974358974358974 2.974358974358974 2.974358974358974 2.974358974358974 2.974358974358974 2.974358974358974 2.974358974358974 2.974358974358974 2.974358974358974 2.974358974358974 2.974358974358974 2.974358974358974 2.974358974358974 2.974358974358974 2.974358974358974 2.974358974358974 2.974358974358974 2.974358974358974 2.974358974358974 2.974358974358974 2.974358974358974 2.974358974358974 2.974358974358974 2.974358974358974 2.974358974358974 2.974358974358974 2.974358974358974 2.974358974358974
 3.076923076923077 3.076923076923077 3.076923076923077 3.076923076923077 3.076923076923077 3.076923076923077 3.076923076923077 3.076923076923077 3.076923076923077 3.076923076923077 3.076923076923077 3.076923076923077 3.076923076923077 3.076923076923077 3.076923076923077 3.076923076923077 3.076923076923077 3.076923076923077 3.076923076923077 3.076923076923077 3.076923076923077 3.076923076923077 3.076923076923077 3.076923076923077 3.076923076923077 3.076923076923077 3.076923076923077 3.076923076923077 3.076923076923077 3.076923076923077 3.076923076923077 3.076923076923077 3.076923076923077 3.076923076923077 3.076923076923077 3.076923076923077 3.076923076923077 3.076923076923077 3.076923076923077 3.076923076923077
 3.179487179487179 3.179487179487179 3.179487179487179 3.179487179487179 3.179487179487179 3.179487179487179 3.179487179487179 3.179487179487179 3.179487179487179 3.179487179487179 3.179487179487179 3.179487179487179 3.179487179487179 3.179487179487179 3.179487179487179 3.179487179487179 3.179487179487179 3.179487179487179 3.179487179487179 3.179487179487179 3.179487179487179 3.179487179487179 3.179487179487179 3.179487179487179 3.179487179487179 3.179487179487179 3.179487179487179 3.179487179487179 3.179487179487179 3.179487179487179 3.179487179487179 3.179487179487179 3.179487179487179 3.179487179487179 3.179487179487179 3.179487179487179 3.179487179487179 3.179487179487179 3.179487179487179 3.179487179487179
 3.282051282051282 3.282051282051282 3.282051282051282 3.282051282051282 3.282051282051282 3.282051282051282 3.282051282051282 3.282051282051282 3.282051282051282 3.282051282051282 3.282051282051282 3.282051282051282 3.282051282051282 3.282051282051282 3.282051282051282 3.282051282051282 3.282051282051282 3.282051282051282 3.282051282051282 3.282051282051282 3.282051282051282 3.282051282051282 3.282051282051282 3.282051282051282 3.282051282051282 3.282051282051282 3.282051282051282 3.282051282051282 3.282051282051282 3.282051282051282 3.282051282051282 3.282051282051282 3.282051282051282 3.282051282051282 3.282051282051282 3.282051282051282 3.282051282051282 3.282051282051282 3.282051282051282 3.282051282051282
 3.384615384615385 3.384615384615385 3.384615384615385 3.384615384615385 3.384615384615385 3.384615384615385 3.384615384615385 3.384615384615385 3.384615384615385 3.384615384615385 3.384615384615385 3.384615384615385 3.384615384615385 3.384615384615385 3.384615384615385 3.384615384615385 3.384615384615385 3.384615384615385 3.384615384615385 3.384615384615385 3.384615384615385 3.384615384615385 3.384615384615385 3.384615384615385 3.384615384615385 3.384615384615385 3.384615384615385 3.384615384615385 3.384615384615385 3.384615384615385 3.384615384615385 3.384615384615385 3.384615384615385 3.384615384615385 3.384615384615385 3.384615384615385 3.384615384615385 3.384615384615385 3.384615384615385 3.384615384615385
 3.487179487179487 3.487179487179487 3.487179487179487 3.487179487179487 3.487179487179487 3.487179487179487 3.487179487179487 3.487179487179487 3.487179487179487 3.487179487179487 3.487179487179487 3.487179487179487 3.487179487179487 3.487179487179487 3.487179487179487 3.487179487179487 3.487179487179487 3.487179487179487 3.487179487179487 3.487179487179487 3.487179487179487 3.487179487179487 3.487179487179487 3.487179487179487 3.487179487179487 3.487179487179487 3.487179487179487 3.487179487179487 3.487179487179487 3.487179487179487 3.487179487179487 3.487179487179487 3.487179487179487 3.487179487179487 3.487179487179487 3.487179487179487 3.487179487179487 3.487179487179487 3.487179487179487 3.487179487179487
 3.589743589743589 3.589743589743589 3.589743589743589 3.589743589743589 3.589743589743589 3.589743589743589 3.589743589743589 3.589743589743589 3.589743589743589 3.589743589743589 3.589743589743589 3.589743589743589 3.589743589743589 3.589743589743589 3.589743589743589 3.589743589743589 3.589743589743589 3.589743589743589 3.589743589743589 3.589743589743589 3.589743589743589 3.589743589743589 3.589743589743589 3.589743589743589 3.589743589743589 3.589743589743589 3.589743589743589 3.589743589743589 3.589743589743589 3.589743589743589 3.589743589743589 3.589743589743589 3.589743589743589 3.589743589743589 3.589743589743589 3.589743589743589 3.589743589743589 3.589743589743589 3.589743589743589 3.589743589743589
 3.692307692307692 3.692307692307692 3.692307692307692 3.692307692307692 3.692307692307692 3.692307692307692 3.692307692307692 3.692307692307692 3.692307692307692 3.692307692307692 3.692307692307692 3.692307692307692 3.692307692307692 3.692307692307692 3.692307692307692 3.692307692307692 3.692307692307692 3.692307692307692 3.692307692307692 3.692307692307692 3.692307692307692 3.692307692307692 3.692307692307692 3.692307692307692 3.692307692307692 3.692307692307692 3.692307692307692 3.692307692307692 3.692307692307692 3.692307692307692 3.692307692307692 3.692307692307692 3.692307692307692 3.692307692307692 3.692307692307692 3.692307692307692 3.692307692307692 3.692307692307692 3.692307692307692 3.692307692307692
 3.794871794871795 3.794871794871795 3.794871794871795 3.794871794871795 3.794871794871795 3.794871794871795 3.794871794871795 3.794871794871795 3.794871794871795 3.794871794871795 3.794871794871795 3.794871794871795 3.794871794871795 3.794871794871795 3.794871794871795 3.794871794871795 3.794871794871795 3.794871794871795 3.794871794871795 3.794871794871795 3.794871794871795 3.794871794871795 3.794871794871795 3.794871794871795 3.794871794871795 3.794871794871795 3.794871794871795 3.794871794871795 3.794871794871795 3.794871794871795 3.794871794871795 3.794871794871795 3.794871794871795 3.794871794871795 3.794871794871795 3.794871794871795 3.794871794871795 3.794871794871795 3.794871794871795 3.794871794871795
 3.897435897435897 3.897435897435897 3.897435897435897 3.897435897435897 3.897435897435897 3.897435897435897 3.897435897435897 3.897435897435897 3.897435897435897 3.897435897435897 3.897435897435897 3.897435897435897 3.897435897435897 3.897435897435897 3.897435897435897 3.897435897435897 3.897435897435897 3.897435897435897 3.897435897435897 3.897435897435897 3.897435897435897 3.897435897435897 3.897435897435897 3.897435897435897 3.897435897435897 3.897435897435897 3.897435897435897 3.897435897435897 3.897435897435897 3.897435897435897 3.897435897435897 3.897435897435897 3.897435897435897 3.897435897435897 3.897435897435897 3.897435897435897 3.897435897435897 3.897435897435897 3.897435897435897 3.897435897435897
 4 4 4 4 4 4 4 4 4 4 4 4 4 4 4 4 4 4 4 4 4 4 4 4 4 4 4 4 4 4 4 4 4 4 4 4 4 4 4 4


# name: ans
# type: matrix
# rows: 1
# columns: 2
 40 40


# name: res
# type: matrix
# rows: 40
# columns: 40
 0.2491767071929427 0.3033233138612426 0.3709490466979546 0.4458707936327729 0.5227779699266338 0.5972325181717151 0.6656689082914364 0.7253941375404597 0.7745877305046882 0.8123017391012669 0.812301739101267 0.8518866277676163 0.8965182547819659 0.9337338637284056 0.9551943054007552 0.9566840378025649 0.9381111261471158 0.9035072428574183 0.8610276675662142 0.8229512871159751 0.8229512871159751 0.7802985636749223 0.7185917705569188 0.6445870142578016 0.5645494646435478 0.4842533549502752 0.4089819817842419 0.3435277051218464 0.2921919483096272 0.258785198064264 0.258785198064264 0.2452012780749504 0.2490571050346243 0.2669392143755324 0.2948469571063828 0.3281924998123447 0.3618008246550489 0.3899097293725878 0.4061698272795147 0.4036445472668448
 0.2845130535999313 0.3379588052592795 0.4045219691930116 0.4781683156631804 0.5537191044792877 0.6268510849982846 0.6940964961245718 0.752843066309999 0.8013340135538651 0.8386680454029185 0.8386680454029187 0.8789840026777399 0.926025011526158 0.9669907069131221 0.9931512334925704 0.9998472456074291 0.9864899072896136 0.9565608922600273 0.9176123839285624 0.8812670753940993 0.8812670753940993 0.8375941612329653 0.7720614496847015 0.6921076404837011 0.604725038529623 0.5164595538873908 0.4334107017871942 0.3612316026244882 0.3051289819599924 0.2698631705196931 0.2698631705196931 0.2569407971906136 0.2626926074224527 0.2833426654450177 0.3145315085359298 0.3513161470206234 0.3881700642723461 0.4189832167121597 0.437062033808939 0.4351294180793723
 0.3294409117153567 0.3806940474174387 0.4435671369420066 0.5125758309778057 0.5830456085004663 0.6511117767725044 0.713719471343321 0.7686236560492021 0.8143891230133196 0.8503904926457296 0.8503904926457297 0.8913522165591535 0.9413301961408392 0.9872497539278504 1.01996442079065 1.034255935933103 1.028834246892473 1.006337509539426 0.9733320880780265 0.940312555045741 0.940312555045741 0.8962506723719217 0.8267494816444764 0.7399513640209053 0.6436716778349091 0.5453987585963886 0.4522939189914462 0.3711914488823833 0.3085986153077029 0.2706956624821079 0.2706956624821078 0.2587958303051482 0.2676177932616053 0.2927743866294574 0.3293047207577198 0.3716741810664452 0.4137744280467228 0.4489233972606792 0.4698652993414782 0.4687706199933204
 0.3761116458371033 0.4239968621270768 0.4810089310087155 0.5425524955694557 0.6047759205825036 0.6645712925068357 0.7195744194871984 0.7681648313541087 0.8094657796238536 0.8433442374984895 0.8433442374984895 0.8848057992868734 0.9378698020713018 0.9892732669430111 1.029475404946161 1.052657617077832 1.056723494288029 1.043298817479676 1.017731557508622 0.9890918751836366 0.9890918751836366 0.9455483987080023 0.8732003242659776 0.7806896566084517 0.676504199827601 0.568977557356886 0.4662891319710545 0.3764641257861382 0.3073735402594552 0.2667341761896093 0.2667341761896092 0.2558291941331418 0.26779474371674 0.297591808395102 0.3396218376828094 0.3877267471543268 0.4351889184440018 0.4747311992460653 0.4985169033146317 0.4981498104636981
 0.4185879303653957 0.4622874495817024 0.5118341739025637 0.5637792518798591 0.6153391799457923 0.6643958024128911 0.7094963114740083 0.7498532472023205 0.7853444975513291 0.8165132983548599 0.8165132983548599 0.8582999460151488 0.9143057215677535 0.9711728047248581 1.019021316556156 1.051449319488852 1.065532817307658 1.061825755154798 1.044360019530006 1.020645438290525 1.020645438290525 0.9786330883531701 0.9053661194516975 0.8096389433860439 0.7002966635550048 0.5862350749562372 0.4764006641862588 0.3797906094404477 0.3054527805130428 0.2624857387971442 0.2624857387971441 0.2522660709125752 0.2666342383014543 0.3000156011105454 0.3462928099147153 0.3988058057169338 0.4503518199482728 0.4931853744679077 0.5190182815631161 0.5190196439492785
 0.4528437498027972 0.4919383883769759 0.5330921295786262 0.574158828799667 0.6135752264387851 0.6503609479014361 0.6841185035998441 0.7150332889530011 0.7438735843866682 0.7719905553333747 0.7719905553333747 0.8139305171774608 0.8725257456853195 0.9344092226354767 0.9894348791635765 1.030677595762383 1.054433202281782 1.060218477928773 1.050771151267482 1.032049900219151 1.032049900219151 0.9925159359151398 0.9206066931768903 0.8248606028940517 0.714082369843539 0.5973429726895332 0.4839796639834814 0.3835959701640961 0.3060616915573557 0.2615129023765051 0.2615129023765049 0.251494008404822 0.2669957548782853 0.3021296750467244 0.3504822947494156 0.4051151324150819 0.4585646990618932 0.5028424982974663 0.5294350263188651 0.5293037719125996
 0.4767643987542109 0.5112746355107096 0.5438945034376274 0.5738157416684521 0.6007346005379947 0.6248518415823885 0.6468727375390899 0.6680070723468775 0.6899691411458533 0.7149777502774413 0.7149777502774413 0.7569340384865229 0.8176435642840412 0.8837926726327849 0.9450444092572499 0.9940385206436395 1.026391454039864 1.040696357455541 1.038523079661995 1.024418170192258 1.024418170192258 0.9880735824973789 0.919689555489568 0.8271609670735105 0.7188538612987332 0.6036054483596026 0.4907241045953275 0.3899893724899568 0.3116519606723805 0.26643374391633 0.2664337439163299 0.2560629198946487 0.27118746965871 0.3058811803769194 0.3537096561753486 0.4077303181377364 0.4604924043054872 0.5040369696776725 0.5298968862110303 0.5290968428199645
 0.4901464819268795 0.5205735263828682 0.545415442325941 0.5650962922747095 0.5804785433479928 0.5928630672648179 0.6039891403444191 0.6160344435062386 0.6316150622699259 0.6537854867553384 0.6537854867553383 0.6956877009342811 0.7579987660288757 0.827482603270533 0.8936738162718915 0.9488776910268193 0.9881701959104136 1.009397981679 1.013178381470133 1.002899410802597 1.002899410802597 0.9700481156991072 0.9067899005105032 0.8200913212661228 0.717562922305229 0.6074592362770111 0.4986787841405852 0.4007640751649924 0.3239016069292003 0.2789218653221028 0.2789218653221027 0.2676850841902151 0.2809662572031451 0.3130805071767534 0.3578489648734137 0.4085987690020118 0.4581630662179461 0.4988810111231278 0.5225977662659805 0.5206645021414402
 0.4946979141303846 0.5220647747955677 0.5408915345355905 0.552568568855856 0.5588789966014112 0.5619986799569463 0.5644962244467953 0.5693329789349355 0.5798630356249882 0.5998332300602178 0.5998332300602178 0.6417093607919128 0.7051568383896974 0.7769877596983035 0.8466426025881035 0.9061902259551112 0.9503278697209812 0.9763811548330082 0.984304083264129 0.9766790380129206 0.9766790380129206 0.9470470696152967 0.8894906064332285 0.8099479042142559 0.7151205790267796 0.6124736072600616 0.5102353256242252 0.4173974311502546 0.3437149811899949 0.2997063934161529 0.2997063934161528 0.2872351456230736 0.2975376904209466 0.3254012854241932 0.3651289982169708 0.4105397063531728 0.4549680973564288 0.4912646687201045 0.511795727907302 0.508443392350859
 0.4940379202766474 0.5199304729530765 0.5356218098042487 0.5430224460982311 0.5444186026589414 0.5424722058661483 0.5402208876554718 0.5410779855183825 0.5488325425022024 0.5676493072101043 0.5676493072101042 0.609657539609829 0.6739091676412967 0.7471661836615114 0.8187658635323758 0.880620766620692 0.9272187357981614 0.9556228974413837 0.9654716614318585 0.9589787211559839 0.958978721155984 0.9315434248366714 0.8787822355240358 0.8057719080609442 0.7183970994062505 0.6233503686347941 0.5281321769374013 0.4410508876208842 0.3712227661080407 0.3285719799376555 0.3285719799376554 0.3147501140481696 0.3215560405704107 0.3443803849995485 0.3781332402718406 0.4172441667646334 0.4556621922963609 0.4868558121265456 0.5038129889557983 0.4990411529258179
 0.4940379202766474 0.5199304729530765 0.5356218098042487 0.5430224460982311 0.5444186026589414 0.5424722058661482 0.5402208876554717 0.5410779855183824 0.5488325425022023 0.5676493072101042 0.5676493072101041 0.6096575396098289 0.6739091676412966 0.7471661836615113 0.8187658635323757 0.880620766620692 0.9272187357981613 0.9556228974413836 0.9654716614318584 0.9589787211559839 0.9589787211559839 0.9315434248366714 0.8787822355240357 0.8057719080609441 0.7183970994062504 0.6233503686347941 0.5281321769374013 0.4410508876208842 0.3712227661080407 0.3285719799376555 0.3285719799376554 0.3147501140481695 0.3215560405704107 0.3443803849995484 0.3781332402718406 0.4172441667646334 0.4556621922963608 0.4868558121265456 0.5038129889557983 0.4990411529258178
 0.49032483734615 0.515983084926218 0.5311740999485469 0.5378946118598898 0.5385132356653884 0.5357704719285754 0.5327787067713726 0.5330222118740918 0.540357144475435 0.5590115473724939 0.5590115473724939 0.6007834256318518 0.6645595037283638 0.7373584338446644 0.808703689635847 0.8706235662294642 0.9176511802255267 0.9468244696965044 0.9576861941873254 0.9522839347153772 0.9522839347153772 0.9274063940460733 0.8796134259591525 0.813137531503031 0.7330773149330554 0.6453974837115025 0.5569288485075794 0.4753683231974233 0.4092789248641015 0.3680897737976118 0.3680897737976117 0.3530748502150267 0.3562472846484012 0.3734912651215767 0.400286666133291 0.4317090486571789 0.4624296601417714 0.4867154345104968 0.4984289921616795 0.4910286399685407
 0.4799239640504754 0.5058179829813824 0.5219828756467652 0.530231845167892 0.5327397426312246 0.5320430670884196 0.5310399655563274 0.5329902330169917 0.5415153124176511 0.5605982946707379 0.5605982946707379 0.6012171242664766 0.6623261480965772 0.7318812840687353 0.8001544333161638 0.8597334801975952 0.9055222922972805 0.934740720424989 0.9469245986160089 0.9439257441311466 0.9439257441311467 0.9237080437841501 0.8833474564653061 0.825867456567366 0.7553136006137414 0.6767535272585039 0.5962769572863857 0.5209956936127791 0.4590436212837364 0.4195767074759709 0.4195767074759708 0.4034994567940804 0.4026561133780698 0.4132287804198844 0.4311995145969724 0.4523503260722857 0.4722631784942795 0.4863199889969116 0.4897026281996442 0.4773929202074418
 0.4604141088095511 0.4869514265923136 0.5053355095987591 0.5169689187031024 0.5236010411546033 0.5273280905775661 0.5305931069713408 0.5361859567103207 0.5472433325439452 0.5672487535966977 0.5672487535966977 0.605950226235909 0.6625333045680777 0.7264298920124609 0.7891144825279649 0.8441041606131474 0.886958601306215 0.9152800701850254 0.9287134233670856 0.9289461075095531 0.9289461075095531 0.9150925252976488 0.8844679065855765 0.8385288084613488 0.7799796903765019 0.7127729141460948 0.6421087439487096 0.5744353463264527 0.517448790184952 0.4800930467933601 0.48009304679336 0.4629836192005791 0.4576819834745027 0.4605587596879214 0.4680802512503059 0.4768084449078074 0.4834010107432566 0.4846113021761643 0.4772883559627217 0.4583768921957999
 0.4309949578227719 0.4584937034654364 0.4800414459516804 0.4964585003521546 0.5088944361242334 0.5188280771120142 0.5280675015463185 0.5387500420446912 0.5533422856114005 0.5746400736374386 0.5746400736374386 0.6108532482161743 0.6614939318879132 0.7178471763969126 0.7729164986778545 0.8214238808558451 0.8598097702464151 0.8862330793555204 0.9005711858795407 0.9044199327052809 0.9044199327052809 0.8981610631633175 0.8792120803916693 0.8471480364175216 0.8030596106499249 0.7495531098797963 0.6907504682799183 0.6322892474049395 0.5813226361913746 0.5465194509576036 0.5465194509576035 0.5283310742316264 0.5181318064603249 0.5124462795459506 0.5082454162829538 0.5029464303579841 0.4944128263498896 0.4809543997297178 0.4613272368607144 0.4347337149983247
 0.3924870750689995 0.4211491295398572 0.4464322002999777 0.4684711532074513 0.48771161971938 0.5049099968918771 0.5211334473800679 0.5377598994380894 0.5564780469190895 0.5792873492752286 0.5792873492752286 0.6126756328371153 0.6565097437240388 0.7041238169854966 0.7502294166244003 0.7909155355970747 0.8236485958132577 0.8472724481361004 0.8620083723821677 0.8694550773214371 0.8694550773214371 0.8714719552879037 0.8655710064839156 0.8492109136935687 0.8216476803629935 0.7839346306003555 0.7389224091758559 0.6912589815217306 0.6473896337322507 0.6155569725637222 0.6155569725637221 0.5961896100661808 0.5807199486657006 0.5658556644410477 0.5491196244868187 0.5288498869134427 0.5041997008471802 0.4751375064301238 0.4424469348201975 0.4077268081911575
 0.3473319023065623 0.377216048987364 0.4063613596853959 0.4341953355671638 0.4604386714098639 0.4851052556013827 0.5085021701402972 0.5312296906358744 0.5541812863080724 0.578543619987539 0.5785436199875389 0.6090457486823939 0.6458712086673167 0.6843982545839526 0.7210584446781352 0.7533366407998853 0.779771008403412 0.7999530165471112 0.8145274378935676 0.8251923487095536 0.8251923487095534 0.8355405729081552 0.8432894379912714 0.8436625375723171 0.8339485109450848 0.8135010430837446 0.7837388646428446 0.7481457519573107 0.7122705270424462 0.6837270575939328 0.6837270575939327 0.6630510662650546 0.6420682312283328 0.6177504866471014 0.5882355652560445 0.5528269983611971 0.5119941158399445 0.467372046141023 0.4217617162845193 0.379129851861871
 0.2995917590732559 0.3305868342124264 0.3632045825969764 0.3962374009352325 0.4287560579560619 0.4601096944088729 0.4899258230636154 0.5181103287107799 0.5448474681613984 0.5705998702470441 0.5705998702470441 0.5984708902894896 0.6288575502315165 0.6589566910403551 0.6867450646015558 0.7109793337189876 0.7311960721148391 0.7477117644296178 0.7616228062221508 0.7748055039695844 0.7748055039695845 0.7928393605908195 0.8138658525713182 0.8309073293617363 0.8392770063259714 0.836578964741161 0.822708151797684 0.7998503805991596 0.7724823301624478 0.7473715454176494 0.7473715454176493 0.725251333770916 0.6987059300934633 0.6650935662648134 0.6232340025870159 0.5734085277846478 0.5173599590048137 0.458292641817145 0.4008724502138011 0.3512267866094685
 0.2549498426863424 0.2867478858521947 0.3218595989710569 0.3586215980213665 0.3956386334089061 0.4317835899668039 0.4661974869555331 0.4982894780629123 0.5277368514041053 0.5544850295216216 0.5544850295216216 0.5803372781497008 0.605736746853315 0.629233089245113 0.6499670316091237 0.6676703729007549 0.6826659847467934 0.6958678114454051 0.7087808699661352 0.7235012499499077 0.7235012499499078 0.7477978362326448 0.7805524524102621 0.8128090343949377 0.8380583629358196 0.8522380636190277 0.8537326068676514 0.8433733079417522 0.8244383269383615 0.8026526687914818 0.8026526687914818 0.7789703549082875 0.7470697760138726 0.704846971221698 0.6518637750783585 0.5893478175635827 0.5201925240902336 0.4489571155043081 0.3818666080849369 0.3268118135443851
 0.2207102282425513 0.2527796327765018 0.2887462101912719 0.3267900707410441 0.3653556391098852 0.4031516544117462 0.4391511701904621 0.4725915544197521 0.5029744895032197 0.5300659722743521 0.5300659722743521 0.5549100587081444 0.577765531892296 0.5978091731309693 0.6147383743672649 0.6287711381832226 0.6406460777998209 0.651622417076977 0.6634799905135469 0.6785192432473254 0.6785192432473255 0.7068025910603789 0.7483551642229359 0.7926907220301758 0.8318280697051915 0.8602910583989926 0.8751085851905018 0.8758145930865576 0.8644480710219136 0.8455530538592372 0.8455530538592371 0.8202321233835465 0.7835039545498808 0.7339720172720831 0.6719817959309387 0.5996207893741758 0.5207185109164653 0.4408464883394195 0.3673182638915939 0.3091893942884867
 0.2207102282425512 0.2527796327765018 0.2887462101912718 0.326790070741044 0.3653556391098852 0.4031516544117462 0.4391511701904621 0.4725915544197521 0.5029744895032197 0.5300659722743521 0.5300659722743521 0.5549100587081444 0.5777655318922961 0.5978091731309692 0.6147383743672649 0.6287711381832226 0.6406460777998209 0.6516224170769769 0.6634799905135468 0.6785192432473255 0.6785192432473254 0.7068025910603788 0.748355164222936 0.7926907220301755 0.8318280697051916 0.8602910583989926 0.8751085851905018 0.8758145930865577 0.8644480710219136 0.8455530538592372 0.8455530538592372 0.8202321233835466 0.7835039545498808 0.7339720172720832 0.6719817959309388 0.599620789374176 0.5207185109164651 0.4408464883394194 0.3673182638915939 0.3091893942884867
 0.177752125605716 0.2091787402712931 0.2449995575706096 0.2833372475595517 0.3225471522409798 0.3612172855647295 0.3981683334276109 0.432453653673409 0.4633592760928837 0.4904039024237694 0.4904039024237694 0.514451912712358 0.5360785509342034 0.5548571833660835 0.5707796625313354 0.5842563271998547 0.5961160023880959 0.6076059993590737 0.6203921156223603 0.6365586349340877 0.6365586349340878 0.6686939804103478 0.7186209447004349 0.7744884291145161 0.8269775997218416 0.8693018873507442 0.8972069875886395 0.9089708607820272 0.9054037320364881 0.8898480912166867 0.8898480912166867 0.8633346339781031 0.8220892878293857 0.765499626267456 0.694757272500156 0.6128578994462495 0.5246012297354218 0.4365910357082794 0.3572351394163495 0.2967454126220815
 0.1149395777550653 0.1445455968964913 0.1797133550322729 0.2184585834517782 0.2589448835371521 0.2994837267633176 0.3385344546979753 0.3747042790016031 0.4067482814274573 0.433569413821571 0.433569413821571 0.4560395237726842 0.4758618486964259 0.4934059224049825 0.509186071585521 0.5238614158001904 0.53823586748612 0.553258131955421 0.5700217073951853 0.5897648848674862 0.5897648848674863 0.6276874359107317 0.6879008913259039 0.7570736841451354 0.8244794586271706 0.8819970702573685 0.9241105857477003 0.9479092830367507 0.9530876512897184 0.9419453908984139 0.941945390898414 0.915299875994235 0.8701597843191854 0.8065434082245366 0.7264393442263437 0.6338064930054469 0.5345740594074708 0.4366415524428244 0.3498787852867014 0.2861258752790798
 0.04952111589335227 0.07615136826294694 0.1094625083695562 0.1474786357327766 0.1882489471312939 0.2298477366028833 0.2703743954444091 0.3079534122118248 0.3407343727201735 0.3668919600435871 0.366891960043587 0.3871574357897925 0.4045813795789192 0.4206476871224307 0.4365888043643386 0.4533857274812017 0.4717680028821263 0.4922137272087668 0.5149495473353249 0.5399506603685501 0.5399506603685501 0.5846804591368968 0.6555753635290696 0.7379146391352617 0.8196883718372123 0.8915974678082058 0.9470536535130712 0.9821794757081834 0.9958083014414625 0.9894843180523735 0.9894843180523736 0.963854474572169 0.9163101046222373 0.8472033383294728 0.759097306732192 0.6567661417801343 0.5471949763344612 0.4395799441677567 0.3453281799640268 0.2780578193187005
 -0.00558599797889596 0.01705339418889959 0.04692284592090934 0.08227856469205996 0.1212562998149841 0.1618713424400207 0.2020185255552144 0.2394722239863166 0.2718863543967845 0.2967943752877812 0.2967943752877812 0.3144091242589935 0.328890506182601 0.3430613203674867 0.3590231441501344 0.3781563328946283 0.4011200199926531 0.4278521168634947 0.457569312954039 0.4887670757387729 0.4887670757387729 0.5405445395486613 0.6213619582467922 0.7153425823127251 0.8094456891409386 0.8934665830408293 0.9600365952367111 1.004623083867818 1.025529433988301 1.023895057567228 1.023895057567228 1.000369856340342 0.952388381913011 0.8802663135202276 0.7868156934307098 0.6773449269469011 0.5596587824049701 0.4440583911748096 0.3433412476600376 0.2728012092979977
 -0.04179577106337794 -0.02390481130002271 0.0008711185699383263 0.03129613359360164 0.0658607410384885 0.1027818403925449 0.1400027233641414 0.1751930738820737 0.2057489680955619 0.228792874374251 0.2287928743742511 0.2435169962702399 0.2546299993093526 0.2664122109635023 0.2819284546730848 0.3030280498469783 0.3303448118625434 0.3632970520656233 0.4000875777705437 0.4377036922601126 0.4377036922601126 0.4961251544902935 0.585315509923067 0.6885519381199577 0.7920793847002616 0.8851105613410464 0.959825945777151 1.011373781801186 1.037870079263535 1.040398614072351 1.040398614072351 1.019862249415402 0.9734962219374886 0.9012061524865795 0.805694275525226 0.6924594391305616 0.5697971049943028 0.4487993484227484 0.3433548583367793 0.2701489372718596
 -0.05485347976401783 -0.04209355997080276 -0.02381500025459519 -0.000474291324164898 0.02705291291075992 0.05747179533949271 0.08906837565038847 0.1197095103308439 0.1468428926672973 0.1674970527452285 0.1674970527452285 0.1793223905081266 0.1868280379620185 0.1957522937081236 0.2101481801111969 0.2323834432995287 0.2631405531649451 0.3014167033628072 0.3445238113120122 0.3880885181949922 0.3880885181949922 0.4522417691905132 0.5478280905090245 0.6576002672139937 0.7674040570500327 0.8661781904428986 0.9459543704994924 1.00185727300786 1.032104546437192 1.038006811937823 1.038006811937823 1.020992683402205 0.9779887030131643 0.9081835956701235 0.8138480620093893 0.7003347784041531 0.5760783969644927 0.4525955455373697 0.3444848277066313 0.2694268227930102
 -0.04483566968696572 -0.03709698938303496 -0.02615691457877405 -0.01148174084834639 0.006920300199437861 0.02849904092112179 0.05216237763860164 0.07627627063912702 0.09866474417530074 0.1166098864650788 0.1166098864650788 0.1257855772518897 0.1297002093444057 0.1354200493732898 0.1479298450903071 0.1701328253683244 0.2028507002013105 0.2448236607043361 0.2927103791135741 0.3410880087862988 0.3410880087862989 0.4096878367624908 0.5096290094629288 0.6234082664664689 0.7367209290980432 0.8384609004286614 0.9207206652754089 0.9787912902014479 1.011162423516018 1.019522295274434 1.019522295274434 1.006066989393817 0.9674743760290442 0.9020463052642698 0.8114072996671682 0.7005045542889381 0.5776079366643013 0.454309986811502 0.3455259172323071 0.2694936129120075
 -0.01615015564059732 -0.0127130628889247 -0.00907510588352523 -0.003618642791589274 0.004647230330848892 0.01608667953891112 0.03043713299887536 0.04680928098817569 0.0636870758954023 0.07892773222030149 0.07892773222030151 0.08598575837540746 0.08664950886128452 0.08904050470523421 0.09892505468408229 0.1197142553241785 0.1524639909013967 0.1958749334411349 0.2462925427183154 0.2977070662573841 0.2977070662573841 0.3692307982038479 0.4717848137501792 0.5877597689636211 0.7028178481250237 0.805892763728844 0.8891897564831457 0.9481855953095997 0.9816285773434843 0.9915385279336837 0.9915385279336838 0.9810357999715146 0.9468152644456476 0.8863288652142438 0.8005174730728508 0.6938108857544023 0.5741278279292183 0.452875951205005 0.3449518341268542 0.2687409821772447
 0.02246397836448581 0.02304643036671132 0.02061086689538 0.01777917800792009 0.01651487339000655 0.01812308235556108 0.02325055384675214 0.0318856564339949 0.04335837831595129 0.05634032731952995 0.05634032731952996 0.06212106734719996 0.06026634011838829 0.05952523242448376 0.0661894944140195 0.08409353959267296 0.1146144448232659 0.1566719503257644 0.2067284596772791 0.2587890398120644 0.2587890398120644 0.331612082396657 0.4356992878433095 0.5533017440062908 0.6699692857846447 0.7745504951221898 0.8591927010075195 0.9193419794740029 0.9537431535997837 0.9644397935077804 0.9644397935077804 0.9554945492047849 0.9241268642950049 0.8672527812170877 0.7853393045910456 0.6824044012182559 0.5660170000814617 0.4472969923447702 0.3409152313536537 0.2650935326349502
 0.02246397836448582 0.02304643036671133 0.02061086689538 0.01777917800792008 0.01651487339000653 0.01812308235556105 0.0232505538467521 0.03188565643399486 0.04335837831595125 0.05634032731952991 0.05634032731952991 0.0621210673471999 0.06026634011838823 0.0595252324244837 0.06618949441401945 0.08409353959267292 0.1146144448232659 0.1566719503257644 0.206728459677279 0.2587890398120644 0.2587890398120644 0.331612082396657 0.4356992878433096 0.5533017440062908 0.6699692857846447 0.7745504951221897 0.8591927010075194 0.9193419794740028 0.9537431535997836 0.9644397935077803 0.9644397935077804 0.9554945492047849 0.9241268642950049 0.8672527812170876 0.7853393045910455 0.6824044012182559 0.5660170000814617 0.4472969923447702 0.3409152313536537 0.2650935326349502
 0.09226380673716236 0.09123096360896359 0.08346706903039475 0.07219982543740631 0.06016882047837219 0.04962552701408952 0.04233330311777889 0.03956739207508411 0.04211492238407238 0.05027490775523424 0.05027490775523422 0.05318500866820075 0.04740866256885214 0.04213518664067676 0.04404419688623897 0.05730560812717891 0.08357963400421269 0.1220167869771323 0.1692578783248056 0.2194340181451763 0.2194340181451763 0.2913298809965879 0.3954847810853569 0.5141685462787284 0.6328363833546593 0.7401288780018185 0.8278719948195866 0.8910770773180569 0.9279408479180344 0.9398454079510359 0.939845407951036 0.9316624606542528 0.9018633910820206 0.8472496008896371 0.768130149619108 0.6683217546991446 0.555148791445167 0.4394432930593017 0.3355449506303816 0.261301113133948
 0.2076757483893658 0.2056641726101742 0.1925990429043072 0.1717235148988539 0.1462489411989199 0.1193548713876275 0.09418905202611569 0.07386742665353981 0.061474135787072 0.06006151692190101 0.06006151692190097 0.05658050495312415 0.04378411613511041 0.03141642912825739 0.02657148445001523 0.03369328447488654 0.05457579343442649 0.0883629374172426 0.1315486043689951 0.1779766440923965 0.1779766440923966 0.246338515672799 0.3478631165117358 0.4653740895125479 0.5845766298899998 0.6940574851702792 0.7852849551909966 0.8526088921011865 0.8932607003613066 0.9073533367432371 0.9073533367432373 0.9003691507738403 0.872511528646212 0.8206798481479197 0.7451650894435555 0.6496498350747347 0.5412082699600973 0.430306181395306 0.3308009590530482 0.2599415949830348
 0.3484826099648092 0.3462628347382858 0.3287622907016919 0.2986662955946001 0.2592889946012047 0.2145733603503221 0.1690911929153902 0.1280431198144688 0.09725859601023953 0.08319590391000575 0.0831959039100057 0.07087289405030248 0.04901412343725502 0.02796964535302837 0.01523630052913462 0.01545771714643278 0.03042431083512889 0.05907328467477586 0.09748862919427372 0.1389011223718693 0.1389011223718693 0.2015447263443828 0.2976482109430991 0.4111259192384168 0.528333878251994 0.6380697989567471 0.7315730762768515 0.8025247890877422 0.8470477002161128 0.8637062564399154 0.8637062564399155 0.8583684289198346 0.8330826057566607 0.7849328083872643 0.7142266399622664 0.6244952853460395 0.5224935111167079 0.418199665566146 0.3248156786999793 0.2587670622375854
 0.4971556325090737 0.4955139834096946 0.4749658526684248 0.437139222777034 0.3850741253591249 0.3232226411701351 0.2574489000973364 0.1950290811598343 0.1446514125085686 0.1164161714263134 0.1164161714263133 0.09384601849228168 0.06187469664162826 0.03145757647058879 0.0104559391496311 0.003636976423455231 0.01267379061099349 0.03614539460541022 0.0695367118741021 0.1052385764586978 0.1052385764586979 0.1605227530683625 0.248644639439036 0.3550900949841109 0.4672651696515491 0.5744961039238821 0.6680293288182095 0.7410314658862021 0.7885893272140985 0.8077099154227072 0.8077099154227073 0.8044263508894539 0.7824639855911126 0.7390765989171859 0.6745423522155013 0.5921637887922105 0.4982678339117905 0.4022057947970423 0.3163533606290919 0.2561106025473902
 0.6388544914696096 0.6384749080892503 0.6164723071116839 0.5730483577485961 0.5106408637709214 0.4339237635088434 0.3498071298517944 0.2674371702484558 0.1981962267067573 0.1557027757938782 0.155702775793878 0.1225022254958213 0.08029643746082295 0.04060501932633401 0.01160004493978622 -0.001893945641407732 0.001600053850145954 0.0202115158918219 0.04872237917097581 0.07856704858494422 0.07856704858494426 0.1255143360396924 0.2036476352980721 0.3003911902745138 0.4045407336491527 0.5062634868678285 0.5970981601420855 0.6699549524491724 0.7191155515320429 0.7402331338993549 0.7402331338993549 0.7393212189208476 0.7214190657359759 0.6838581689613863 0.6267848123859046 0.5531600689705372 0.4687598008484714 0.3821746593250741 0.3048100848778929 0.2508863071566558
 0.7614272966957343 0.7627731542902561 0.7407977703999478 0.6940947678617785 0.6242771257591782 0.5359771794220378 0.4368466204267101 0.3375564965960085 0.2517972119992075 0.1962785269520435 0.1962785269520434 0.153062366961894 0.1013645371536821 0.05319882645545563 0.01699061313012906 -0.002423135224517099 -0.003793861675836081 0.01053858004368495 0.03464592553642511 0.05901149973962959 0.05901149973962963 0.09742871559125815 0.1644430900576693 0.2496122926316173 0.3433439881548715 0.4368958368182163 0.5223754941614505 0.5927406110733883 0.641798833791859 0.6642078039037062 0.6642078039037063 0.6658435816930958 0.6525872781863229 0.6217032996577525 0.5730716417985033 0.5091878897164479 0.4351632179362132 0.3587243903991791 0.2902137604634802 0.2425892709040049
 0.8554105924386354 0.8586065235744685 0.8377118969629972 0.7897745265191252 0.7155222128708222 0.6193627433591248 0.5093838920381359 0.3973534196750245 0.2987190737500259 0.2326085884564424 0.2326085884564422 0.1809657994756867 0.1213187765252992 0.06608790608294154 0.02390198955343637 -0.0004017567312331093 -0.005777701511922943 0.005028201397671364 0.02547841311101506 0.04524380966873395 0.045243809668734 0.07584263219387608 0.1318075534942255 0.2047950035745211 0.2868715394283522 0.370513845038159 0.4486087313752318 0.5144531363997122 0.5617541250605923 0.5846288892957141 0.5846288892957141 0.5887962343262096 0.580484089345888 0.5567166040583578 0.516965496920708 0.4631500551435094 0.3996371346908136 0.3332411602801533 0.2732241253825424 0.2312955922224762
 0.9140293573513678 0.9187430735520982 0.8992378792919146 0.8513787131732318 0.7751668122771241 0.6747397121633256 0.5583712468702304 0.438471548914892 0.3315870492930232 0.258400477478997 0.2584004774789968 0.2008703843065993 0.1355535259270181 0.07518322212357592 0.02856087064473244 0.0005559472040846994 -0.007893994519632947 0.0002166771174510074 0.01796167172434542 0.03448277687519629 0.03448277687519635 0.05900032645629368 0.1055082336230752 0.167439438619433 0.2383331820788211 0.3118350050242554 0.3816967488683135 0.4417765554131352 0.486038866850422 0.5085544257614373 0.5085544257614374 0.5149942183811309 0.5115010000270696 0.4946815271294612 0.4634740693623121 0.4191484096434264 0.3653058441344059 0.3078791822406505 0.2551327466113581 0.2176623731395244
 0.933197004488855 0.9385211178818089 0.9196524479390835 0.8719934133267452 0.7952529967736963 0.6934467450716756 0.5748967690752582 0.4522317437018553 0.3423869079317142 0.2666040648079188 0.2666040648079187 0.2066524874082452 0.1386177452564331 0.07545779418193919 0.02614630344128912 -0.004327344281922565 -0.01495805287703243 -0.008725012806308345 0.00740829889505073 0.02249411861891457 0.02249411861891462 0.04381353912518964 0.08430299669848909 0.138504227279669 0.2009518990650843 0.2661736125065891 0.3286899003115357 0.3830142274427761 0.4236529911186611 0.4451055208130398 0.4451055208130399 0.4532648218597329 0.4539055454509286 0.443060345751508 0.4190500858754923 0.3824838378860422 0.3362588827954591 0.2855607105651837 0.237863020105797 0.2029277192770202


# name: x
# type: matrix
# rows: 1
# columns: 40
 0 0.1025641025641026 0.2051282051282051 0.3076923076923077 0.4102564102564102 0.5128205128205128 0.6153846153846154 0.717948717948718 0.8205128205128205 0.923076923076923 1.025641025641026 1.128205128205128 1.230769230769231 1.333333333333333 1.435897435897436 1.538461538461538 1.641025641025641 1.743589743589744 1.846153846153846 1.948717948717949 2.051282051282051 2.153846153846154 2.256410256410256 2.358974358974359 2.461538461538462 2.564102564102564 2.666666666666667 2.769230769230769 2.871794871794872 2.974358974358974 3.076923076923077 3.179487179487179 3.282051282051282 3.384615384615385 3.487179487179487 3.589743589743589 3.692307692307692 3.794871794871795 3.897435897435897 4


# name: y
# type: matrix
# rows: 1
# columns: 40
 0 0.1025641025641026 0.2051282051282051 0.3076923076923077 0.4102564102564102 0.5128205128205128 0.6153846153846154 0.717948717948718 0.8205128205128205 0.923076923076923 1.025641025641026 1.128205128205128 1.230769230769231 1.333333333333333 1.435897435897436 1.538461538461538 1.641025641025641 1.743589743589744 1.846153846153846 1.948717948717949 2.051282051282051 2.153846153846154 2.256410256410256 2.358974358974359 2.461538461538462 2.564102564102564 2.666666666666667 2.769230769230769 2.871794871794872 2.974358974358974 3.076923076923077 3.179487179487179 3.282051282051282 3.384615384615385 3.487179487179487 3.589743589743589 3.692307692307692 3.794871794871795 3.897435897435897 4


